
%liczba neuronów ukrytych: 9, liczba wejœæ sieci: 4
%wejœcie 1: u(k-4)
%wejœcie 2: u(k-5)
%wejœcie 3: y(k-1)
%wejœcie 4: y(k-2)
%uczenie w trybie ARX
w10(1,1)=-4.2403749176e-002; w1(1,1)=-1.6396240131e-002; w1(1,2)=-1.8704624772e-001; w1(1,3)=6.3905097750e-001; w1(1,4)=-4.8446983796e-001; 
w10(2,1)=-1.2628607960e+000; w1(2,1)=-7.8287567130e-002; w1(2,2)=-1.7039341131e-001; w1(2,3)=-7.8667927139e-001; w1(2,4)=2.2355181330e-001; 
w10(3,1)=-8.2421104777e-001; w1(3,1)=-4.4329236756e-002; w1(3,2)=9.3721386102e-003; w1(3,3)=-1.0038691094e-001; w1(3,4)=2.4211390391e-001; 
w10(4,1)=7.4450851748e-001; w1(4,1)=-1.6292932047e+000; w1(4,2)=-1.3202273981e-001; w1(4,3)=2.8888572572e-001; w1(4,4)=-2.9992122750e-001; 
w10(5,1)=8.7556068757e-001; w1(5,1)=-1.8207474153e+000; w1(5,2)=-7.1697861881e-002; w1(5,3)=6.0722901452e-001; w1(5,4)=-5.4921838661e-001; 
w10(6,1)=3.7236832935e-002; w1(6,1)=1.0137715049e-001; w1(6,2)=1.7766709367e-001; w1(6,3)=3.2624245008e-001; w1(6,4)=5.0541074602e-002; 
w10(7,1)=-7.8627300976e-001; w1(7,1)=-2.1953161794e-002; w1(7,2)=-2.2611988560e-003; w1(7,3)=4.0294976704e-001; w1(7,4)=-2.1527111648e-001; 
w10(8,1)=1.1260056581e+000; w1(8,1)=7.1524990576e-002; w1(8,2)=-2.9663578371e-002; w1(8,3)=-5.6085225855e-001; w1(8,4)=3.7389806841e-001; 
w10(9,1)=1.1502244436e+000; w1(9,1)=-3.0429182566e-001; w1(9,2)=-1.3158246884e-001; w1(9,3)=-2.2427774371e-001; w1(9,4)=-1.5628433212e-001; 
w20=2.1311162905e+000; w2(1)=1.3586508895e+000; w2(2)=-7.7831356055e-001; w2(3)=1.3812161341e+000; w2(4)=7.7493760141e-001; w2(5)=-6.6116663080e-001; w2(6)=8.5559956379e-001; w2(7)=1.0633164947e+000; w2(8)=-9.3258633408e-001; w2(9)=-4.9371522489e-001; 

